P0: 1.034860720000e+03 0.000000000000e+00 9.626153920000e+02 0.000000000000e+00 0.000000000000e+00 1.033937620000e+03 5.907309940000e+02 0.000000000000e+00 0.000000000000e+00 0.000000000000e+00 1.000000000000e+00 0.000000000000e+00
P1: 1.034860720000e+03 0.000000000000e+00 9.626153920000e+02 0.000000000000e+00 0.000000000000e+00 1.033937620000e+03 5.907309940000e+02 0.000000000000e+00 0.000000000000e+00 0.000000000000e+00 1.000000000000e+00 0.000000000000e+00
P2: 1.034860720000e+03 0.000000000000e+00 9.626153920000e+02 0.000000000000e+00 0.000000000000e+00 1.033937620000e+03 5.907309940000e+02 0.000000000000e+00 0.000000000000e+00 0.000000000000e+00 1.000000000000e+00 0.000000000000e+00
P3: 1.034860720000e+03 0.000000000000e+00 9.626153920000e+02 0.000000000000e+00 0.000000000000e+00 1.033937620000e+03 5.907309940000e+02 0.000000000000e+00 0.000000000000e+00 0.000000000000e+00 1.000000000000e+00 0.000000000000e+00
R0_rect: 9.999128000000e-01 1.009263000000e-02 -8.511932000000e-03 -1.012729000000e-02 9.999406000000e-01 -4.037671000000e-03 8.470675000000e-03 4.123522000000e-03 9.999556000000e-01
Tr_velo_to_cam: 1.757867977916e-02 -9.998449879034e-01 -9.950787661550e-04 -1.551864482011e-02 -4.922230403985e-03 9.086808451510e-04 -9.999874728950e-01 -3.925252787399e-01 9.998333669492e-01 1.758335757615e-02 -4.905493989132e-03 -3.917942303504e-01
Tr_imu_to_velo: 9.999976000000e-01 7.553071000000e-04 -2.035826000000e-03 -8.086759000000e-01 -7.854027000000e-04 9.998898000000e-01 -1.482298000000e-02 3.195559000000e-01 2.024406000000e-03 1.482454000000e-02 9.998881000000e-01 -7.997231000000e-01

